0000011111000000
0001111111110000
0011110000111100
0111100000011100
0111100000011100
0111100000011100
1111100000011110
1111100000011110
1111100000011110
1111100000011110
1111100000011110
1111100000011110
1111100000011110
0111100000011100
0111100000011100
0111100000011100
0011110000111100
0001111111110000
0000011111000000
0000001111000000
0000111111000000
0011101111000000
0010001111000000
0000001111000000
0000001111000000
0000001111000000
0000001111000000
0000001111000000
0000001111000000
0000001111000000
0000001111000000
0000001111000000
0000001111000000
0000001111000000
0000001111000000
0000001111000000
0011111111111100
0011111111111100
0011111111000000
0111111111110000
0110000001111100
0100000000111100
0100000000111100
0000000000111100
0000000000111100
0000000000111100
0000000001111100
0000000001111000
0000000011110000
0000000111100000
0000011100000000
0000111000000100
0011110000000100
0011100000000100
0111111111111100
0111111111111100
0111111111111100
0001111111100000
0011111111111000
0011000001111100
0010000000111100
0010000000111100
0000000000111100
0000000001111100
0000001111110000
0000001111110000
0000000011111100
0000000000111100
0000000000111100
0000000000111110
0100000000111110
0100000000111110
0110000000111110
0110000000111100
0111111111111000
0011111111000000
0000000011111000
0000000111111000
0000001111111000
0000001011111000
0000011011111000
0000010011111000
0000110011111000
0001100011111000
0011100011111000
0011000011111000
0010000011111000
0110000011111000
1111111111111111
1111111111111111
0000000011111000
0000000011111000
0000000011111000
0000001111111110
0000001111111110
0011111111111000
0011111111111000
0011111111111000
0010000000000000
0010000000000000
0010000000000000
0010000000000000
0011111111110000
0011000011111000
0000000001111100
0000000000111100
0000000000111100
0000000000111100
0100000000111100
0100000000111100
0100000000111100
0110000001111100
0111111111110000
0011111111000000
0000001111111000
0000111111111100
0011110000001100
0011110000000100
0111100000000000
0111100000000000
0111101111100000
1111110001111100
1111110000111100
1111100000111100
1111100000111110
1111100000111110
1111100000111110
0111100000111110
0111100000111110
0111100000111100
0011110000111100
0001111111111000
0000011111100000
0111111111111100
0111111111111100
0111111111111100
0100000000001100
0100000000011100
0100000000111100
0000000000111000
0000000000110000
0000000001110000
0000000001100000
0000000011100000
0000000011000000
0000000111000000
0000001111000000
0000001110000000
0000001110000000
0000001100000000
0000011000000000
0000111000000000
0000111111100000
0011111111111000
0111110000111100
0111110000111100
0111110000111100
0111110000111100
0011110000111100
0001111111110000
0001111111110000
0011110000111100
0111110000111100
0111100000111100
1111100000111110
1111100000111110
1111100000111110
1111100000111110
0111110000111100
0011111111111000
0000111111100000
0000111111000000
0011111111110000
0111110000111100
0111100000111100
1111100000111100
1111100000111100
1111100000111110
1111100000111110
1111100000111110
0111100000111110
0111110000111110
0011110001111110
0000111110111100
0000000000111100
0000000000111100
0100000000111100
0110000000111000
0111111111100000
0011111111000000
